8801913500469
8801671802926
8801756626839
8801710440320
8801925919877
8801710706260
8801866776762
8801703378151
8801521433668
8801757480410
8801921352093
8801757480410
8801621723100
8801914228380
8801670294017
8801737700677
8801670637355
8801682802750
8801718207123
8801777536838
8801712952337
8801676095827
8801515667948
8801617703137
8801912146849
8801521333533
8801755529398
8801824848453
8801911196511
8801672864560
8801712914880
8801762033107
8801757800001
8801677080410
8801737405436
8801911921394
8801937637170
8801912522572
8801911761690
8801715089887
8801716139034
8801788314078
8801675439265
8801630999333
8801673524668
8801726061241
8801511751057
8801951671892
8801911272502
8801728777639
8801768746834
8801672646242
8801950372210
8801515261184
8801952499680
8801924334347
8801685709473
8801738148187
8801795986191
8801913469663
8801680040977
8801766703850
8801914774657
8801736732781
8801724058171
8801831483995
8801673979243
8801728160773
8801931846684
8801688053535
8801785395696
8801521431820
8801720680858
8801630891595
8801719637386
8801675722112
8801737137704
8801787844301
8801676970161
8801682769494
8801624995958
8801624659300
8801515656269
8801915771331
8801521431820
8801521528705
8801675722112
8801770581000
8801717744404
8801751249390
8801935751151
8801511333221
8801987897029
8801980244011
8801621771951
8801818443847
8801626373519
8801753575086
8801973425248
8801711388833
8801521453793
8801921875585
8801680453577
8801722092395
8801757290955
8801715313557
8801818685995
8801935268321
8801680298773
8801715463905
8801928623875
8801871501832
8801988559454
8801615882217
8801618916189
8801756766999
8801624933544
8801867381390
8801621344243
8801682684175
8801675601998
8801714495676
8801558919939
8801677975240
8801922002381
8801713230161